$ANSIBLE_VAULT;1.1;AES256
37636462303635353435623536666131306166663936656661666463643265663034366330636539
3432303738653933616466626265373265353233353165330a343339333235636437366635383330
63316363373163323931623535306239316264343466306637313035663632336265643438633338
6564633432323039660a313932396630386434313533366133623761653063613633386663356639
31373933316137663862643333666333636436613538343339613134393437303631653931313530
31373365626361666664326231383265663235363536373966363265363136393261643834613730
32306132303837616634643136643632376635303730336637623034303366303837646338353164
33323838663635663039666339376361346235386130313937306239626261313962323062313530
36643461656631376330313934353830376434353233383263636432613931336530613532656364
66376535356336616239643133353563656563666161656361393934373362343331653137663337
31333835633732666166306265633837636132623666393431313037653538643566656431316332
64366361323132326363653166666431636537353039663637633330636262376330373234623866
65653633653630326436326562306333313936653561356464393064643633666162663533633939
39373562643032636165656164353338363463386539643739323333313262653965646136646361
63346462313661373434333538306135303737346465356563653161643963396532373061323564
61663666656237613931613530346234343963353363383135376562626562633235663263633534
32353133316638666361363266646338623663323237343734306566373031653163343330613230
39393036616439396263663965353661333733366563656237353135306562653364333365326238
34633836303137336535363833623264366633653664616437396639313238306538343236373635
39653863646164316564616132336137373536666535643739373166386139626630346362653939
33646664656138363133386530343161643862313730383032356239656235326530303337303337
32316338396264366561323234346365306333363832393866306231396136613439373137393438
64336437616266613233646431353361356237653836326237633136333963633438326337303336
64373564303234383136663362646337626664346135313536653961633036376164623365336136
3236
